1.000000e+00
1.351119e+00
7.721949e-01
4.379207e-01
1.214406e-01
2.183025e-01
1.589469e-01
9.838581e-02
1.006566e-01
2.987930e-02
5.126577e-02
3.189921e-02
1.886884e-02
2.246243e-02
6.757514e-03
1.138651e-02
6.891866e-03
3.983841e-03
4.942406e-03
1.496236e-03
2.493131e-03
1.511249e-03
8.587983e-04
1.083641e-03
3.297883e-04
5.440666e-04
3.324251e-04
1.859680e-04
2.373967e-04
7.263255e-05
1.186343e-04
7.316797e-05
4.030855e-05
5.199558e-05
1.599707e-05
2.586233e-05
1.610573e-05
8.738359e-06
1.138719e-05
3.523987e-06
5.637404e-06
3.545035e-06
1.894362e-06
2.493658e-06
7.764685e-07
1.228732e-06
7.802431e-07
4.106591e-07
5.460470e-07
1.711225e-07
2.677964e-07
1.717142e-07
8.901909e-08
1.195629e-07
3.772062e-08
5.836090e-08
3.778757e-08
1.929607e-08
2.617799e-08
8.316374e-09
1.271771e-08
8.314924e-09
4.182537e-09
5.731254e-09
1.833863e-09
2.771187e-09
1.829507e-09
9.065629e-10
1.254690e-09
4.044570e-10
6.037987e-10
4.025099e-10
1.964921e-10
2.746611e-10
8.921660e-11
1.315492e-10
8.854972e-11
4.258770e-11
6.012183e-11
1.968255e-11
2.865868e-11
1.947854e-11
9.230172e-12
1.315948e-11
4.342689e-12
6.242811e-12
4.284506e-12
2.000443e-12
2.880114e-12
9.583481e-13
